/*********************************************
 * OPL 12.6.0.0 Data
 * Author: QZ61P8
 * Creation Date: 10.07.2014 at 08:59:12
 *********************************************/


nNetworks = 8;
nTime = 100;
nInterfaceTypes = 2;
nFlows = 4;

//channel model: generated Sun Jan 15 16:29:00 CET 2017
availChunkBuckets = //[Networks, Time]  
[
	[80, 80, 80, 80, 80, 80, 80, 80, 80, 80, 80, 80, 80, 80, 80, 80, 80, 80, 80, 80, 80, 80, 80, 80, 80, 80, 80, 80, 80, 80, 80, 80, 80, 80, 80, 80, 80, 80, 80, 80, 80, 80, 80, 80, 80, 80, 80, 80, 80, 80, 80, 80, 80, 80, 80, 80, 80, 80, 80, 80, 80, 80, 80, 80, 80, 80, 80, 80, 80, 80, 80, 80, 80, 80, 80, 80, 80, 80, 80, 80, 80, 80, 80, 80, 80, 80, 80, 80, 80, 80, 80, 80, 80, 80, 80, 80, 80, 80, 80, 80],
	[0, 0, 0, 0, 0, 0, 0, 0, 0, 0, 0, 0, 0, 0, 0, 0, 0, 0, 0, 0, 0, 0, 0, 0, 0, 0, 0, 0, 0, 0, 0, 0, 0, 0, 0, 0, 0, 0, 0, 0, 0, 0, 0, 0, 0, 0, 0, 0, 0, 0, 0, 0, 0, 0, 0, 0, 0, 0, 0, 0, 10, 20, 30, 40, 51, 51, 51, 51, 51, 51, 51, 51, 51, 51, 51, 40, 30, 20, 10, 0, 0, 0, 0, 0, 0, 0, 0, 0, 0, 0, 0, 0, 0, 0, 0, 0, 0, 0, 0, 0],
	[0, 0, 0, 0, 0, 0, 0, 0, 0, 0, 0, 0, 0, 30, 60, 90, 90, 90, 90, 90, 90, 60, 30, 0, 0, 0, 0, 0, 0, 0, 0, 0, 0, 0, 0, 0, 0, 0, 0, 0, 0, 0, 0, 0, 0, 0, 0, 0, 0, 0, 0, 0, 0, 0, 0, 0, 0, 0, 0, 0, 0, 0, 0, 0, 0, 0, 0, 0, 0, 0, 0, 0, 0, 0, 0, 0, 0, 0, 0, 0, 0, 0, 0, 0, 0, 0, 0, 0, 0, 0, 0, 0, 0, 0, 0, 0, 0, 0, 0, 0],
	[0, 0, 0, 0, 0, 0, 0, 0, 0, 0, 0, 0, 0, 0, 0, 0, 0, 0, 0, 0, 0, 0, 0, 0, 0, 0, 0, 0, 0, 0, 0, 0, 0, 0, 0, 0, 0, 0, 0, 0, 0, 0, 0, 0, 0, 0, 0, 0, 0, 0, 0, 0, 0, 0, 0, 0, 0, 0, 0, 0, 0, 0, 0, 0, 0, 0, 0, 0, 0, 0, 0, 0, 0, 0, 0, 0, 0, 0, 0, 0, 0, 0, 0, 0, 0, 0, 19, 38, 58, 58, 58, 58, 58, 58, 38, 19, 0, 0, 0, 0],
	[106, 106, 106, 106, 106, 106, 106, 106, 106, 106, 106, 106, 106, 106, 106, 106, 106, 106, 106, 106, 106, 106, 106, 106, 106, 106, 106, 106, 106, 106, 106, 106, 106, 106, 106, 106, 106, 106, 106, 106, 106, 106, 106, 106, 106, 106, 106, 106, 106, 106, 106, 106, 106, 106, 106, 106, 106, 106, 106, 106, 106, 106, 106, 106, 106, 106, 106, 106, 106, 106, 106, 106, 106, 106, 106, 106, 106, 106, 106, 106, 106, 106, 106, 106, 106, 106, 106, 106, 106, 106, 106, 106, 106, 106, 106, 106, 106, 106, 106, 106],
	[0, 0, 0, 0, 0, 0, 0, 0, 0, 0, 0, 0, 0, 0, 0, 0, 0, 0, 0, 0, 0, 0, 0, 0, 0, 0, 0, 0, 0, 0, 0, 0, 0, 0, 0, 0, 0, 0, 0, 0, 0, 0, 0, 0, 0, 0, 0, 0, 0, 0, 0, 0, 0, 0, 0, 0, 0, 0, 0, 0, 0, 0, 0, 0, 0, 0, 0, 0, 0, 0, 0, 0, 0, 0, 0, 0, 7, 15, 23, 31, 31, 31, 31, 31, 31, 31, 31, 23, 15, 7, 0, 0, 0, 0, 0, 0, 0, 0, 0, 0],
	[0, 0, 0, 0, 0, 0, 0, 0, 0, 0, 0, 0, 0, 0, 0, 0, 0, 0, 0, 0, 0, 0, 0, 0, 0, 0, 0, 0, 0, 0, 0, 0, 0, 0, 0, 0, 0, 0, 0, 0, 0, 0, 0, 0, 0, 0, 0, 0, 0, 0, 0, 0, 0, 0, 0, 0, 0, 0, 0, 0, 0, 0, 0, 0, 0, 0, 0, 0, 0, 0, 0, 0, 0, 0, 10, 20, 30, 40, 51, 51, 51, 51, 51, 51, 51, 51, 51, 51, 51, 40, 30, 20, 10, 0, 0, 0, 0, 0, 0, 0],
	[0, 0, 0, 0, 0, 0, 0, 0, 0, 0, 0, 0, 0, 0, 0, 0, 0, 0, 0, 0, 0, 0, 0, 0, 0, 0, 0, 27, 54, 82, 82, 82, 82, 82, 82, 82, 54, 27, 0, 0, 0, 0, 0, 0, 0, 0, 0, 0, 0, 0, 0, 0, 0, 0, 0, 0, 0, 0, 0, 0, 0, 0, 0, 0, 0, 0, 0, 0, 0, 0, 0, 0, 0, 0, 0, 0, 0, 0, 0, 0, 0, 0, 0, 0, 0, 0, 0, 0, 0, 0, 0, 0, 0, 0, 0, 0, 0, 0, 0, 0]
];
	
network_cost = //[Networks] 
	[6, 3, 1, 2, 8, 2, 3, 3];				//static cost per channel (change later to more realistic model)
network_lcy =
	[5, 1, 4, 2, 3, 4, 2, 1];
network_jit =
	[2, 6, 5, 8, 1, 7, 7, 5];	

network_type= //[Networks] 				//each channel has a specific type; e.g. WiFi, LTE..
	[2, 1, 1, 1, 2, 1, 1, 1];		
nClientInterfaces = //[InterfaceTypes]
	[1, 1];	

//requests: generated Sun Jan 15 16:29:00 CET 2017
nChunks = 				[818, 1691, 480, 171];		//[Flows]		
deadline= 				[71, 67, 92, 81];		//[Flows] 
prefStartTime = 		[21, 0, 24, 72];		//[Flows]
tpMaxWindow = 			[1, 1, 1, 1];		//[Flows]	//0 says not relevant/no maximum transfer rate; upper throughput limit
tpMaxChunks = 			[100000, 100000, 7, 100000]; 		//maximum of chunks in above specified time frame
tpMinWindow = 			[20, 100000, 1, 3];		//[Flows]  //1000 says not relevant / no minimum transfer rate
tpMinChunks = 			[160, 1, 5, 1]; 		//minimum of chunks in above specified time frame; lower throughput limit
latency = 				[10, 10, 4, 10];	
jitter = 				[10, 10, 4, 10];

hysteresis = 500;
tpMinAmp = 20;
importance = [
	[6, 0, 10, 5],	//deadline
	[1, 0, 5, 5],	//start time
	[, , , ],	//throughput upper bound
	[13, 0, 25, 24],	//throughput lower bound
	[6, 3, 12, 12],	//unsched
	[0, 0, 4, 0],	//latency
	[0, 0, 4, 0]	//jitter
]; //[ImportanceTypes, Flows]

//user profiles
userImportance = [4, 3, 6, 13]; //[Flows]
costImp = 15; //former willingness to pay is now inversely proportional value: cost importance 
 
