/*********************************************
 * OPL 12.6.0.0 Data
 * Author: QZ61P8
 * Creation Date: 10.07.2014 at 08:59:12
 *********************************************/


nNetworks = 8;
nTime = 100;
nInterfaceTypes = 2;
nFlows = 8;

//channel model: generated Wed Jan 11 00:50:32 CET 2017
availChunkBuckets = //[Networks, Time]  
[
	[34, 34, 34, 34, 34, 34, 34, 34, 34, 34, 34, 34, 34, 34, 34, 34, 34, 34, 34, 34, 34, 34, 34, 34, 34, 34, 34, 34, 34, 34, 34, 34, 34, 34, 34, 34, 34, 34, 34, 34, 34, 34, 34, 34, 34, 34, 34, 34, 34, 34, 34, 34, 34, 34, 34, 34, 34, 34, 34, 34, 34, 34, 34, 34, 34, 34, 34, 34, 34, 34, 34, 34, 34, 34, 34, 34, 34, 34, 34, 34, 34, 34, 34, 34, 34, 34, 34, 34, 34, 34, 34, 34, 34, 34, 34, 34, 34, 34, 34, 34],
	[0, 0, 0, 0, 0, 0, 0, 0, 0, 0, 0, 26, 53, 53, 53, 53, 26, 0, 0, 0, 0, 0, 0, 0, 0, 0, 0, 0, 0, 0, 0, 0, 0, 0, 0, 0, 0, 0, 0, 0, 0, 0, 0, 0, 0, 0, 0, 0, 0, 0, 0, 0, 0, 0, 0, 0, 0, 0, 0, 0, 0, 0, 0, 0, 0, 0, 0, 0, 0, 0, 0, 0, 0, 0, 0, 0, 0, 0, 0, 0, 0, 0, 0, 0, 0, 0, 0, 0, 0, 0, 0, 0, 0, 0, 0, 0, 0, 0, 0, 0],
	[0, 0, 13, 27, 40, 54, 54, 54, 54, 54, 54, 54, 54, 54, 40, 27, 13, 0, 0, 0, 0, 0, 0, 0, 0, 0, 0, 0, 0, 0, 0, 0, 0, 0, 0, 0, 0, 0, 0, 0, 0, 0, 0, 0, 0, 0, 0, 0, 0, 0, 0, 0, 0, 0, 0, 0, 0, 0, 0, 0, 0, 0, 0, 0, 0, 0, 0, 0, 0, 0, 0, 0, 0, 0, 0, 0, 0, 0, 0, 0, 0, 0, 0, 0, 0, 0, 0, 0, 0, 0, 0, 0, 0, 0, 0, 0, 0, 0, 0, 0],
	[0, 0, 0, 0, 0, 0, 0, 0, 0, 0, 0, 0, 0, 0, 0, 0, 0, 0, 0, 0, 0, 0, 0, 0, 0, 0, 0, 0, 0, 0, 0, 0, 0, 0, 0, 0, 0, 0, 0, 0, 0, 0, 0, 0, 0, 0, 0, 0, 0, 0, 0, 0, 0, 0, 0, 0, 0, 0, 0, 0, 0, 0, 0, 0, 0, 0, 0, 0, 0, 0, 0, 0, 0, 0, 0, 0, 0, 0, 0, 0, 42, 84, 84, 84, 84, 42, 0, 0, 0, 0, 0, 0, 0, 0, 0, 0, 0, 0, 0, 0],
	[72, 72, 72, 72, 72, 72, 72, 72, 72, 72, 72, 72, 72, 72, 72, 72, 72, 72, 72, 72, 72, 72, 72, 72, 72, 72, 72, 72, 72, 72, 72, 72, 72, 72, 72, 72, 72, 72, 72, 72, 72, 72, 72, 72, 72, 72, 72, 72, 72, 72, 72, 72, 72, 72, 72, 72, 72, 72, 72, 72, 72, 72, 72, 72, 72, 72, 72, 72, 72, 72, 72, 72, 72, 72, 72, 72, 72, 72, 72, 72, 72, 72, 72, 72, 72, 72, 72, 72, 72, 72, 72, 72, 72, 72, 72, 72, 72, 72, 72, 72],
	[0, 0, 0, 0, 0, 0, 0, 0, 0, 0, 0, 0, 0, 0, 0, 0, 0, 0, 0, 0, 0, 0, 0, 0, 0, 0, 25, 50, 50, 50, 50, 25, 0, 0, 0, 0, 0, 0, 0, 0, 0, 0, 0, 0, 0, 0, 0, 0, 0, 0, 0, 0, 0, 0, 0, 0, 0, 0, 0, 0, 0, 0, 0, 0, 0, 0, 0, 0, 0, 0, 0, 0, 0, 0, 0, 0, 0, 0, 0, 0, 0, 0, 0, 0, 0, 0, 0, 0, 0, 0, 0, 0, 0, 0, 0, 0, 0, 0, 0, 0],
	[0, 0, 0, 0, 0, 0, 0, 0, 0, 0, 0, 0, 8, 16, 25, 33, 41, 50, 50, 50, 50, 50, 50, 50, 50, 50, 50, 50, 50, 41, 33, 25, 16, 8, 0, 0, 0, 0, 0, 0, 0, 0, 0, 0, 0, 0, 0, 0, 0, 0, 0, 0, 0, 0, 0, 0, 0, 0, 0, 0, 0, 0, 0, 0, 0, 0, 0, 0, 0, 0, 0, 0, 0, 0, 0, 0, 0, 0, 0, 0, 0, 0, 0, 0, 0, 0, 0, 0, 0, 0, 0, 0, 0, 0, 0, 0, 0, 0, 0, 0],
	[0, 0, 0, 0, 0, 0, 0, 0, 0, 0, 0, 0, 0, 0, 0, 0, 0, 0, 0, 0, 0, 0, 0, 0, 0, 0, 0, 0, 0, 0, 0, 0, 0, 0, 0, 0, 0, 0, 0, 0, 0, 8, 17, 26, 35, 35, 35, 35, 35, 35, 35, 35, 26, 17, 8, 0, 0, 0, 0, 0, 0, 0, 0, 0, 0, 0, 0, 0, 0, 0, 0, 0, 0, 0, 0, 0, 0, 0, 0, 0, 0, 0, 0, 0, 0, 0, 0, 0, 0, 0, 0, 0, 0, 0, 0, 0, 0, 0, 0, 0]
];
	
network_cost = //[Networks] 
	[5, 2, 2, 2, 8, 1, 1, 2];				//static cost per channel (change later to more realistic model)
network_lcy =
	[12, 4, 3, 2, 4, 3, 2, 2];
network_jit =
	[6, 7, 5, 4, 1, 5, 4, 8];	

network_type= //[Networks] 				//each channel has a specific type; e.g. WiFi, LTE..
	[2, 1, 1, 1, 2, 1, 1, 1];		
nClientInterfaces = //[InterfaceTypes]
	[1, 1];	

//requests: generated Wed Jan 11 00:50:32 CET 2017
nChunks = 				[425, 955, 253, 93, 375, 982, 256, 85];		//[Flows]		
deadline= 				[74, 69, 66, 24, 71, 69, 91, 47];		//[Flows] 
prefStartTime = 		[24, 0, 10, 7, 21, 0, 12, 37];		//[Flows]
tpMaxWindow = 			[1, 1, 1, 1, 1, 1, 1, 1];		//[Flows]	//0 says not relevant/no maximum transfer rate; upper throughput limit
tpMaxChunks = 			[100000, 100000, 4, 100000, 100000, 100000, 3, 100000]; 		//maximum of chunks in above specified time frame
tpMinWindow = 			[20, 100000, 1, 3, 16, 100000, 1, 3];		//[Flows]  //1000 says not relevant / no minimum transfer rate
tpMinChunks = 			[80, 1, 3, 1, 56, 1, 2, 1]; 		//minimum of chunks in above specified time frame; lower throughput limit
latency = 				[10, 10, 4, 10, 10, 10, 4, 10];	
jitter = 				[10, 10, 4, 10, 10, 10, 4, 10];

hysteresis = 500;
tpMinAmp = 20;
importance = [
	[6, 2, 10, 6, 5, 0, 10, 4],	//deadline
	[2, 0, 5, 6, 2, 0, 5, 4],	//start time
	[, , , , , , , ],	//throughput upper bound
	[16, 0, 25, 26, 13, 0, 25, 24],	//throughput lower bound
	[6, 5, 14, 13, 10, 3, 14, 12],	//unsched
	[0, 0, 3, 0, 0, 0, 3, 0],	//latency
	[0, 0, 5, 0, 0, 0, 5, 0]	//jitter
]; //[ImportanceTypes, Flows]

//user profiles
userImportance = [6, 6, 6, 10, 6, 2, 8, 9]; //[Flows]
costImp = 15; //former willingness to pay is now inversely proportional value: cost importance 
 
