/*********************************************
 * OPL 12.6.0.0 Data
 * Author: QZ61P8
 * Creation Date: 10.07.2014 at 08:59:12
 *********************************************/


nChannels = 8;
nTime = 50;
nInterfaceTypes = 2;
nRequests = 16;

//channel model: generated Wed Jul 08 04:13:27 CEST 2015
availBW = //[Channels, Time]  
[
	[28, 28, 28, 28, 28, 28, 28, 28, 28, 28, 28, 28, 28, 28, 28, 28, 28, 28, 28, 28, 28, 28, 28, 28, 28, 28, 28, 28, 28, 28, 28, 28, 28, 28, 28, 28, 28, 28, 28, 28, 28, 28, 28, 28, 28, 28, 28, 28, 28, 28],
	[0, 0, 0, 0, 0, 0, 0, 0, 0, 0, 0, 0, 0, 0, 0, 0, 0, 0, 0, 16, 32, 32, 32, 32, 32, 16, 0, 0, 0, 0, 0, 0, 0, 0, 0, 0, 0, 0, 0, 0, 0, 0, 0, 0, 0, 0, 0, 0, 0, 0],
	[0, 0, 0, 0, 0, 0, 0, 0, 0, 0, 0, 0, 0, 0, 0, 0, 0, 0, 0, 0, 0, 0, 0, 0, 0, 0, 0, 0, 24, 48, 73, 73, 73, 73, 73, 73, 48, 24, 0, 0, 0, 0, 0, 0, 0, 0, 0, 0, 0, 0],
	[0, 0, 0, 0, 0, 0, 0, 0, 0, 0, 0, 0, 0, 0, 0, 0, 0, 26, 52, 79, 79, 79, 79, 79, 79, 79, 52, 26, 0, 0, 0, 0, 0, 0, 0, 0, 0, 0, 0, 0, 0, 0, 0, 0, 0, 0, 0, 0, 0, 0],
	[0, 0, 0, 0, 0, 0, 0, 0, 0, 0, 0, 0, 0, 0, 0, 0, 0, 0, 0, 0, 0, 0, 16, 33, 50, 50, 50, 50, 50, 50, 50, 33, 16, 0, 0, 0, 0, 0, 0, 0, 0, 0, 0, 0, 0, 0, 0, 0, 0, 0],
	[0, 0, 0, 0, 0, 0, 0, 0, 0, 0, 0, 0, 0, 0, 0, 0, 0, 0, 0, 0, 0, 0, 0, 0, 0, 0, 0, 0, 0, 0, 0, 0, 0, 0, 0, 0, 0, 0, 0, 27, 55, 55, 55, 55, 55, 27, 0, 0, 0, 0],
	[0, 0, 0, 0, 0, 0, 0, 0, 0, 0, 0, 0, 0, 0, 0, 0, 0, 0, 9, 19, 28, 38, 38, 38, 38, 38, 38, 38, 38, 28, 19, 9, 0, 0, 0, 0, 0, 0, 0, 0, 0, 0, 0, 0, 0, 0, 0, 0, 0, 0],
	[0, 0, 0, 0, 0, 0, 0, 0, 0, 12, 24, 36, 36, 36, 36, 36, 36, 36, 24, 12, 0, 0, 0, 0, 0, 0, 0, 0, 0, 0, 0, 0, 0, 0, 0, 0, 0, 0, 0, 0, 0, 0, 0, 0, 0, 0, 0, 0, 0, 0]
];
	
channel_cost = //[Channels] 
	[10, 3, 3, 3, 3, 3, 3, 3];				//static cost per channel (change later to more realistic model)
channel_lcy =
	[8, 2, 2, 2, 2, 2, 2, 2];
channel_jit =
	[6, 8, 8, 8, 8, 8, 8, 8];	

ChannelType= //[Channels] 				//each channel has a specific type; e.g. WiFi, LTE..
	[2, 1, 1, 1, 1, 1, 1, 1];		
nClientInterfaces = //[InterfaceTypes]
	[1, 1];		//one interface for cellular, one for 11p(G5B)

//requests: generated Wed Jul 08 04:13:27 CEST 2015
nChunks = 				[160, 37, 25, 225, 37, 155, 37, 25, 225, 37, 150, 37, 25, 225, 37, 155];		//[Requests]		//25
deadline= 				[32, 4, 100000, 24, 13, 46, 19, 100000, 39, 28, 60, 34, 100000, 54, 43, 76];		//[Requests] 
prefStartTime = 		[0, 3, 0, 9, 12, 15, 18, 0, 24, 27, 30, 33, 0, 39, 42, 45];		//[Requests]
minTimeBetweenChunks = 	[1, 1, 1, 1, 1, 1, 1, 1, 1, 1, 1, 1, 1, 1, 1, 1];		//[Requests]	//0 says not relevant/no maximum transfer rate
stretch_max = 			[5, 100000, 100000, 100000, 100000, 5, 100000, 100000, 100000, 100000, 5, 100000, 100000, 100000, 100000, 5]; 		//maximum of chunks in above specified time frame
maxTimeBetweenChunks = 	[1, 100000, 100000, 15, 100000, 1, 100000, 100000, 15, 100000, 1, 100000, 100000, 15, 100000, 1];		//[Requests]  //1000 says not relevant / no minimum transfer rate
compress_min = 			[5, 0, 0, 225, 0, 5, 0, 0, 225, 0, 5, 0, 0, 225, 0, 5]; 		//minimum of chunks in above specified time frame
latency = 				[2, 10, 10, 10, 10, 2, 10, 10, 10, 10, 2, 10, 10, 10, 10, 2];	
jitter = 				[2, 10, 10, 10, 10, 2, 10, 10, 10, 10, 2, 10, 10, 10, 10, 2];

importance = [
	[10, 8, 0, 7, 8, 10, 8, 0, 7, 8, 10, 8, 0, 7, 8, 10],	//deadline
	[10, 0, 0, 2, 0, 10, 0, 0, 2, 0, 10, 0, 0, 2, 0, 10],	//start time
	[10, 0, 0, 5, 0, 10, 0, 0, 5, 0, 10, 0, 0, 5, 0, 10],	//throughput lower bound
	[10000, 0, 0, 0, 0, 10000, 0, 0, 0, 0, 10000, 0, 0, 0, 0, 10000],	//throughput upper bound
	[8, 15, 4, 6, 15, 8, 15, 4, 6, 15, 8, 15, 4, 6, 15, 8],	//unsched
	[8, 0, 0, 0, 0, 8, 0, 0, 0, 0, 8, 0, 0, 0, 0, 8],	//latency
	[7, 0, 0, 0, 0, 7, 0, 0, 0, 0, 7, 0, 0, 0, 0, 7]	//jitter
]; //[ImportanceTypes, Requests]
/* //constants
 int impDeadline = 1;
 int impPrefStart = 2;
 int minTimeChunks = 3;
 int maxTimeChunks = 4;
 int unscheduled = 5;
 int latency = 6
 int jitter = 7
 */

//user profiles
userImportance = [7, 7, 2, 7, 7, 7, 7, 2, 7, 7, 7, 7, 2, 7, 7, 7]; //[Requests]
userWTP = 2; //willingness to pay
 
