/*********************************************
 * OPL 12.6.0.0 Data
 * Author: QZ61P8
 * Creation Date: 10.07.2014 at 08:59:12
 *********************************************/


nNetworks = 8;
nTime = 100;
nInterfaceTypes = 2;
nFlows = 8;

//channel model: generated Tue Jan 10 23:39:45 CET 2017
availChunkBuckets = //[Networks, Time]  
[
	[39, 39, 39, 39, 39, 39, 39, 39, 39, 39, 39, 39, 39, 39, 39, 39, 39, 39, 39, 39, 39, 39, 39, 39, 39, 39, 39, 39, 39, 39, 39, 39, 39, 39, 39, 39, 39, 39, 39, 39, 39, 39, 39, 39, 39, 39, 39, 39, 39, 39, 39, 39, 39, 39, 39, 39, 39, 39, 39, 39, 39, 39, 39, 39, 39, 39, 39, 39, 39, 39, 39, 39, 39, 39, 39, 39, 39, 39, 39, 39, 39, 39, 39, 39, 39, 39, 39, 39, 39, 39, 39, 39, 39, 39, 39, 39, 39, 39, 39, 39],
	[0, 0, 0, 0, 0, 0, 0, 0, 0, 0, 0, 0, 0, 0, 0, 0, 0, 0, 0, 0, 0, 0, 0, 0, 0, 0, 0, 0, 0, 0, 0, 0, 0, 0, 0, 0, 0, 0, 0, 0, 0, 0, 0, 0, 0, 0, 0, 0, 0, 0, 0, 0, 0, 0, 0, 0, 0, 0, 0, 0, 4, 8, 12, 16, 21, 21, 21, 21, 21, 21, 21, 21, 21, 21, 16, 12, 8, 4, 0, 0, 0, 0, 0, 0, 0, 0, 0, 0, 0, 0, 0, 0, 0, 0, 0, 0, 0, 0, 0, 0],
	[0, 0, 0, 0, 0, 0, 0, 0, 0, 0, 0, 0, 0, 0, 0, 0, 0, 0, 0, 0, 0, 0, 0, 0, 0, 0, 0, 0, 0, 0, 0, 0, 0, 0, 0, 0, 0, 0, 0, 0, 0, 0, 0, 0, 0, 0, 0, 0, 0, 0, 0, 0, 0, 0, 0, 0, 0, 0, 0, 0, 0, 0, 0, 0, 0, 0, 17, 34, 51, 51, 51, 51, 51, 51, 51, 34, 17, 0, 0, 0, 0, 0, 0, 0, 0, 0, 0, 0, 0, 0, 0, 0, 0, 0, 0, 0, 0, 0, 0, 0],
	[0, 0, 0, 0, 0, 0, 0, 0, 0, 0, 0, 0, 0, 0, 0, 0, 0, 0, 0, 0, 0, 0, 0, 0, 0, 0, 0, 0, 0, 0, 0, 0, 0, 0, 0, 0, 8, 17, 26, 35, 44, 44, 44, 44, 44, 44, 44, 44, 44, 44, 35, 26, 17, 8, 0, 0, 0, 0, 0, 0, 0, 0, 0, 0, 0, 0, 0, 0, 0, 0, 0, 0, 0, 0, 0, 0, 0, 0, 0, 0, 0, 0, 0, 0, 0, 0, 0, 0, 0, 0, 0, 0, 0, 0, 0, 0, 0, 0, 0, 0],
	[50, 50, 50, 50, 50, 50, 50, 50, 50, 50, 50, 50, 50, 50, 50, 50, 50, 50, 50, 50, 50, 50, 50, 50, 50, 50, 50, 50, 50, 50, 50, 50, 50, 50, 50, 50, 50, 50, 50, 50, 50, 50, 50, 50, 50, 50, 50, 50, 50, 50, 50, 50, 50, 50, 50, 50, 50, 50, 50, 50, 50, 50, 50, 50, 50, 50, 50, 50, 50, 50, 50, 50, 50, 50, 50, 50, 50, 50, 50, 50, 50, 50, 50, 50, 50, 50, 50, 50, 50, 50, 50, 50, 50, 50, 50, 50, 50, 50, 50, 50],
	[0, 0, 7, 14, 21, 29, 29, 29, 29, 29, 29, 29, 29, 21, 14, 7, 0, 0, 0, 0, 0, 0, 0, 0, 0, 0, 0, 0, 0, 0, 0, 0, 0, 0, 0, 0, 0, 0, 0, 0, 0, 0, 0, 0, 0, 0, 0, 0, 0, 0, 0, 0, 0, 0, 0, 0, 0, 0, 0, 0, 0, 0, 0, 0, 0, 0, 0, 0, 0, 0, 0, 0, 0, 0, 0, 0, 0, 0, 0, 0, 0, 0, 0, 0, 0, 0, 0, 0, 0, 0, 0, 0, 0, 0, 0, 0, 0, 0, 0, 0],
	[0, 0, 0, 0, 0, 0, 0, 0, 0, 0, 0, 0, 0, 0, 0, 0, 0, 0, 0, 0, 0, 0, 0, 0, 0, 0, 0, 0, 0, 0, 0, 0, 0, 0, 0, 0, 0, 0, 0, 0, 0, 0, 0, 0, 82, 82, 82, 0, 0, 0, 0, 0, 0, 0, 0, 0, 0, 0, 0, 0, 0, 0, 0, 0, 0, 0, 0, 0, 0, 0, 0, 0, 0, 0, 0, 0, 0, 0, 0, 0, 0, 0, 0, 0, 0, 0, 0, 0, 0, 0, 0, 0, 0, 0, 0, 0, 0, 0, 0, 0],
	[0, 0, 0, 0, 0, 0, 0, 0, 0, 0, 0, 0, 0, 0, 0, 0, 0, 0, 0, 0, 0, 0, 0, 0, 0, 0, 0, 0, 0, 0, 0, 0, 0, 0, 0, 0, 0, 0, 0, 0, 0, 0, 0, 0, 0, 0, 0, 11, 23, 35, 35, 35, 35, 35, 35, 23, 11, 0, 0, 0, 0, 0, 0, 0, 0, 0, 0, 0, 0, 0, 0, 0, 0, 0, 0, 0, 0, 0, 0, 0, 0, 0, 0, 0, 0, 0, 0, 0, 0, 0, 0, 0, 0, 0, 0, 0, 0, 0, 0, 0]
];
	
network_cost = //[Networks] 
	[5, 2, 1, 3, 8, 3, 2, 2];				//static cost per channel (change later to more realistic model)
network_lcy =
	[10, 2, 1, 3, 5, 2, 4, 1];
network_jit =
	[2, 8, 5, 4, 3, 6, 5, 7];	

network_type= //[Networks] 				//each channel has a specific type; e.g. WiFi, LTE..
	[2, 1, 1, 1, 2, 1, 1, 1];		
nClientInterfaces = //[InterfaceTypes]
	[1, 1];	

//requests: generated Tue Jan 10 23:39:45 CET 2017
nChunks = 				[428, 996, 266, 85, 409, 1024, 225, 80];		//[Flows]		
deadline= 				[35, 91, 59, 6, 66, 87, 98, 69];		//[Flows] 
prefStartTime = 		[2, 0, 18, 0, 33, 0, 40, 50];		//[Flows]
tpMaxWindow = 			[1, 1, 1, 1, 1, 1, 1, 1];		//[Flows]	//0 says not relevant/no maximum transfer rate; upper throughput limit
tpMaxChunks = 			[100000, 100000, 6, 100000, 100000, 100000, 3, 100000]; 		//maximum of chunks in above specified time frame
tpMinWindow = 			[16, 100000, 1, 3, 21, 100000, 1, 3];		//[Flows]  //1000 says not relevant / no minimum transfer rate
tpMinChunks = 			[96, 1, 4, 1, 126, 1, 2, 1]; 		//minimum of chunks in above specified time frame; lower throughput limit
latency = 				[10, 10, 4, 10, 10, 10, 4, 10];	
jitter = 				[10, 10, 4, 10, 10, 10, 4, 10];

hysteresis = 500;
tpMinAmp = 20;
importance = [
	[2, 0, 10, 5, 5, 2, 10, 5],	//deadline
	[4, 0, 5, 6, 2, 0, 5, 6],	//start time
	[, , , , , , , ],	//throughput upper bound
	[12, 0, 25, 24, 13, 0, 25, 26],	//throughput lower bound
	[10, 4, 14, 11, 9, 5, 14, 12],	//unsched
	[0, 0, 3, 0, 0, 0, 5, 0],	//latency
	[0, 0, 3, 0, 0, 0, 3, 0]	//jitter
]; //[ImportanceTypes, Flows]

//user profiles
userImportance = [5, 3, 6, 9, 4, 5, 8, 12]; //[Flows]
costImp = 15; //former willingness to pay is now inversely proportional value: cost importance 
 
